176.57
160.44
175.69
110.95
194.86
109.98
145.53
106.69
135.21
181.99
112.93
114.01
106.92
119.82
107.37
178.72
198.14
171.63
179.93
103.33
118.19
159.79
185.60
131.16
193.48
157.37
141.21
119.50
178.01
164.03
116.75
154.72
164.91
158.56
119.37
186.81
188.25
194.04
159.33
138.39
186.23
192.71
144.80
173.44
155.78
192.53
138.68
195.00
166.74
195.14
124.70
177.81
118.94
165.68
172.19
131.73
119.95
139.07
159.70
134.97
132.68
194.36
115.71
172.26
192.61
169.17
161.67
162.40
122.16
199.46
197.35
162.21
176.57
186.44
151.19
189.21
139.61
112.05
129.59
114.40
150.56
147.30
138.26
137.94
184.14
123.40
115.69
175.75
124.26
164.82
114.77
153.10
169.32
115.54
191.52
122.24
181.83
124.84
112.12
195.64
148.35
197.57
168.70
113.82
147.31
155.14
102.69
147.29
131.39
198.27
170.21
165.68
119.00
110.23
148.50
194.25
155.10
190.14
174.29
117.66
145.20
159.91
125.74
184.01
188.87
145.64
107.90
108.43
138.47
194.36
178.52
174.71
187.75
150.62
155.48
185.98
150.81
183.65
180.50
121.01
126.62
125.66
174.26
111.23
156.88
154.63
107.82
165.77
175.58
130.48
131.97
136.22
117.69
173.04
151.92
131.46
101.18
151.92
108.11
163.62
121.81
143.75
125.65
130.72
103.27
100.91
124.61
119.25
126.60
166.95
141.36
139.92
122.36
168.74
197.14
194.12
146.56
113.34
164.30
105.08
177.06
118.00
122.80
137.70
161.10
106.07
169.99
174.24
116.49
108.72
145.46
109.10
139.08
122.31
158.97
175.30
197.50
184.99
164.66
117.70
102.28
152.47
107.54
183.61
121.21
172.43
179.02
110.00
175.07
179.90
157.94
148.48
188.92
161.98
180.28
184.17
192.69
168.82
176.50
172.49
162.00
180.41
138.96
139.15
165.16
173.66
133.28
163.14
135.47
172.78
147.65
189.66
119.35
107.39
181.71
100.61
160.30
147.48
112.86
104.10
166.27
132.02
141.79
190.99
173.80
159.05
111.65
146.65
165.95
158.87
115.28
199.04
123.29
129.25
153.82
130.46
187.14
171.77
186.45
179.66
192.44
131.76
115.85
113.42
184.14
110.89
186.95
152.17
165.31
190.92
137.51
193.23
137.93
180.18
128.19
186.55
187.76
169.84
197.20
183.37
134.00
166.33
129.86
195.80
110.90
148.35
107.03
176.67
174.01
182.00
198.08
153.57
126.61
116.13
193.64
127.96
143.64
171.43
131.64
181.16
129.51
131.40
155.76
112.70
183.88
141.12
159.93
173.04
165.57
120.62
114.59
143.00
137.95
103.61
140.97
155.05
151.80
119.53
197.97
147.78
171.24
147.12
173.21
194.46
176.89
180.93
124.31
148.67
186.45
169.09
199.44
105.89
117.68
199.66
177.43
188.34
181.17
136.41
106.46
122.41
130.99
130.03
188.17
192.85
120.31
160.25
148.93
125.85
105.87
196.29
163.89
174.68
120.46
198.36
151.00
155.42
185.68
121.27
131.84
108.09
168.56
122.80
164.21
138.97
195.19
123.90
187.40
133.44
122.13
115.96
185.09
115.80
131.99
160.67
163.28
172.09
163.33
182.66
161.11
145.32
107.44
111.65
160.57
158.57
104.03
191.44
138.43
120.63
146.59
136.43
107.76
121.61
164.32
182.66
129.94
131.15
181.96
150.23
138.71
170.75
171.58
106.55
107.14
143.58
100.99
195.78
105.60
170.01
152.40
178.94
144.38
195.06
131.80
111.13
167.84
105.46
114.71
167.61
168.99
117.95
177.20
119.02
122.97
178.20
142.28
147.19
195.73
140.19
131.51
188.03
170.61
179.43
148.88
185.40
149.18
130.51
140.17
140.91
125.43
129.20
164.43
148.62
102.54
182.44
186.66
110.60
120.12
185.66
150.28
139.69
186.37
156.53
116.81
169.20
164.50
156.14
166.05
105.66
145.69
124.67
134.90
180.40
151.62
167.01
135.13
178.67
149.19
185.77
131.67
150.59
127.02
173.81
181.23
137.51
178.77
146.96
128.71
179.23
162.06
118.21
133.17
103.06
153.13
189.41
149.22
133.78
197.41
163.72
120.23
105.34
163.91
162.85
149.78
199.56
147.61
166.43
105.25
185.02
127.77
178.12
172.87
179.96
182.89
162.72
127.88
117.41
183.04
191.63
105.06
147.39
129.03
180.39
155.08
171.78
184.45
101.08
150.48
170.41
151.52
105.01
161.22
143.79
174.40
196.56
154.38
167.26
114.88
157.93
185.11
124.12
134.31
135.99
136.64
161.46
133.15
167.82
136.11
190.97
144.61
139.27
119.80
139.56
152.73
142.16
146.60
139.54
106.75
120.14
161.58
136.70
133.30
170.51
193.17
186.16
106.00
199.98
126.53
100.16
118.17
116.07
133.71
110.21
118.21
172.52
156.61
106.45
109.82
177.21
132.69
121.42
189.41
113.89
125.49
132.22
191.75
125.67
171.88
165.74
141.44
156.85
186.31
104.46
162.63
152.96
168.81
107.47
182.35
173.53
147.62
180.31
173.80
181.68
150.24
150.62
125.05
135.73
137.36
131.94
186.12
123.40
152.79
187.37
142.54
147.05
139.64
136.80
187.14
189.69
148.21
186.53
113.56
165.74
113.93
198.78
134.65
187.98
115.37
159.88
136.85
162.70
131.65
150.49
117.68
158.87
106.25
169.31
117.77
183.58
189.77
112.16
150.80
136.59
178.37
162.62
155.65
109.16
186.23
107.55
142.94
139.14
190.69
150.82
185.52
133.21
166.95
162.24
106.58
119.85
185.39
164.99
152.54
101.94
179.23
134.65
198.41
136.95
102.78
155.41
122.90
184.06
191.20
155.29
107.49
122.81
101.58
120.90
159.44
165.85
162.22
174.47
131.82
159.49
181.82
181.33
115.76
190.14
173.90
144.02
109.51
192.21
132.68
131.14
127.11
183.42
156.55
183.33
195.33
137.44
152.47
136.74
101.72
140.31
170.76
105.11
198.95
167.22
113.10
165.69
141.05
159.35
129.05
101.23
125.57
176.29
166.17
160.62
142.46
149.45
167.06
114.13
185.22
163.78
113.16
195.65
162.79
150.98
199.40
144.05
161.59
186.05
186.71
178.36
146.47
140.71
119.60
167.62
156.45
162.30
115.52
185.01
146.54
114.79
129.13
168.06
150.70
139.62
169.97
142.13
192.20
168.75
105.24
102.51
148.02
149.09
110.72
192.15
181.31
118.89
142.22
156.72
192.20
109.60
187.74
106.09
101.52
133.98
126.11
162.74
174.04
161.07
161.78
131.16
108.32
171.56
127.38
179.68
169.01
133.58
145.75
186.22
113.69
137.89
121.48
163.21
171.57
184.20
188.13
142.85
163.87
115.76
172.01
174.08
117.15
158.05
145.80
155.08
109.59
129.28
136.21
100.96
107.90
155.31
118.47
125.57
197.57
139.70
177.68
198.17
183.16
110.73
142.01
121.19
136.46
191.60
195.89
163.58
100.63
117.44
162.92
175.81
116.01
153.37
107.41
107.07
119.40
151.45
141.27
143.29
182.92
121.27
138.60
184.99
100.64
178.79
154.25
188.52
101.72
181.17
114.43
100.94
167.21
151.58
197.78
129.31
154.49
147.04
153.32
198.37
187.98
125.08
108.24
167.24
157.64
120.48
102.70
195.27
178.01
151.91
151.76
170.08
199.44
140.28
174.99
136.43
130.62
135.50
153.22
193.96
126.86
116.27
169.00
163.59
122.23
149.08
162.29
157.89
135.00
166.44
186.18
128.93
156.14
152.12
178.74
108.79
137.90
101.73
176.74
102.30
136.18
160.56
184.29
139.71
124.04
127.35
175.40
147.44
186.25
152.86
153.32
149.31
125.20
154.94
111.29
167.85
156.81
118.07
139.61
155.29
152.06
144.68
102.12
147.39
184.25
177.96
161.46
199.82
175.16
121.48
167.07
136.21
194.31
139.57
132.37
109.89
154.66
134.34
118.35
157.37
165.34
159.95
109.67
100.22
147.48
153.14
116.19
134.48
192.67
129.75
158.25
131.94
145.31
121.89
196.88
165.75
119.86
107.17
151.71
164.72
121.93
112.61
108.81
194.93
128.08
159.06
158.15
165.30
193.56
149.03
116.18
154.45
199.40
190.74
182.97
160.34
120.48
194.17
155.09
181.17
195.23
171.18
165.79
146.41
103.66
121.03
151.95
130.11
115.76
185.15
153.94
195.12
154.83
110.43
138.76
136.65
131.51
169.11
199.57
116.15
143.48
145.23
125.26
102.43
102.92
112.28
152.88
166.14
149.37
195.04
112.41
105.46
129.12
129.71
148.53
116.43
173.97
110.53
157.38
159.81
191.77
138.93
